J 
J Matrix([
[1.00000000000000, 0.0, -3.00000000000000, -3.00000000000000, -3.00000000000000, 0.500000000000000, 0.500000000000000], 
[0.0, 1.00000000000000, 1.00000000000000, 1.00000000000000, -2.50000000000000, -2.50000000000000, -6.12323399573677e-17], 
[0.0, 0.0, 1.00000000000000, 1.00000000000000, 1.00000000000000, 1.00000000000000, 1.00000000000000]])


null Matrix([
[0.929522217220758, -0.0234068548646389, 0.0612179281075172, 0.0612179281075172, 0.143141920133753, -0.103530319593595, -0.162047456755193], 
[-0.0234068548646390, 0.919233489807729, -0.0964568194971383, -0.0964568194971383, 0.186225966175809, 0.104301974149572, -0.0976143013311041], 
[0.0612179281075170, -0.0964568194971385, 0.559963989454055, -0.440036010545945, -0.102437142305960, 0.111825606070349, -0.129316442672497], 
[0.0612179281075170, -0.0964568194971385, -0.440036010545945, 0.559963989454055, -0.102437142305960, 0.111825606070349, -0.129316442672497], 
[0.143141920133753, 0.186225966175809, -0.102437142305961, -0.102437142305961, 0.245771976078709, -0.253231303453154, 0.212333611986367], 
[-0.103530319593595, 0.104301974149572, 0.111825606070349, 0.111825606070349, -0.253231303453154, 0.384412577969263, -0.354832486656806], 
[-0.162047456755193, -0.0976143013311041, -0.129316442672497, -0.129316442672497, 0.212333611986368, -0.354832486656806, 0.401131760015433]])

Matrix([
[1.04704216346267, 0.0149196847719871, -0.111897635789903], 
[0.0126771289561988, 0.909584002607258, 0.155294829713434], 
[-0.0626528758710879, 0.102333030589444, 0.990437546062119]])


